%YAML:1.0
---
model_type: PINHOLE
camera_name: camera
image_width: 640
image_height: 480
distortion_parameters:
   k1: 0.0
   k2: 0.0
   p1: 0.0
   p2: 0.0
projection_parameters:
   # fx: 385.7544860839844
   # fy: 385.7544860839844
   # cx: 323.1204833984375
   # cy: 236.7432098388672
   fx: 388.81756591796875
   fy: 388.81756591796875
   cx: 319.6447448730469
   cy: 237.4071502685547
