%YAML:1.0
---
model_type: PINHOLE
camera_name: camera
image_width: 1280
image_height: 720
distortion_parameters:
  k1: 0.0
  k2: 0.0
  p1: 0.0
  p2: 0.0
projection_parameters:
  fx: 7.836254272460938e+02
  fy: 7.8402587890625e+02
  cx: 6.309076538085938e+02
  cy: 3.615027160644531e+02
