%YAML:1.0
---
model_type: PINHOLE
camera_name: left
image_width: 1280
image_height: 720
distortion_parameters:
  k1: -9.246108055114746e+00
  k2: 7.20440673828125e+01
  p1: -1.1708232341334224e-03
  p2: -5.339260678738356e-04
projection_parameters:
  fx: 7.836254272460938e+02
  fy: 7.8402587890625e+02
  cx: 6.309076538085938e+02
  cy: 3.615027160644531e+02
