%YAML:1.0
---
model_type: PINHOLE
camera_name: camera
image_width: 1280
image_height: 720
distortion_parameters:
  k1: 0.0
  k2: 0.0
  p1: 0.0
  p2: 0.0
projection_parameters:
  fx: 8.053125610351562e+02
  fy: 6.533907470703125e+02
  cx: 8.05440673828125e+02
  cy: 3.64137451171875e+02
